1222
2312
6624
1605
2392
3885
860
4772
9380
8719
2771
9213
3253
9428
7826
7064
6723
4392
1031
3442
3251
3684
6254
9117
7208
3013
4798
6994
9176
6718
2730
2649
2263
9770
695
9903
5158
8866
1658
9426
8518
9630
5961
2870
4752
4990
4478
3321
6654
5404
3135
9845
1269
5433
4162
7950
3106
7110
9000
8446
2401
4082
1619
694
5994
9001
4292
4156
836
6213
3051
530
7051
6810
1254
6309
7654
1139
2688
8490
7262
1541
4875
6734
7730
1375
7444
4185
5236
5779
204
8113
5104
1321
1141
7680
5957
2153
1680
7849
99
9969
1226
1738
388
8637
9238
7392
3750
5638
4857
5196
8582
5106
1842
556
8346
9670
1259
7185
5920
6287
2639
4260
7981
6857
2916
1862
2218
1386
732
6029
4140
1558
2372
2722
565
7977
8861
998
6907
2595
1866
7479
3185
176
4163
2670
2895
4917
797
1431
60
7896
2389
3996
194
1608
4433
2724
5950
8674
2681
9948
6833
425
6472
4383
677
3931
6212
2701
4782
311
1683
1179
8023
5325
8913
6063
108
5347
5899
2115
1919
6289
4367
6992
1503
7586
1810
1164
7958
7848
6348
6848
6889
5280
5245
3605
5224
7532
7765
8882
4706
2820
4208
5800
4400
4923
8185
9569
8348
2252
5004
8301
9964
4951
3834
3540
9602
3709
6699
3772
7672
3634
2237
9246
5085
8480
49
8729
4623
275
4995
7827
222
9346
3656
6397
790
8303
7127
347
8687
9393
3244
3453
54
9678
4240
7484
5762
6260
3483
4030
6312
6896
5769
7125
3478
1674
1851
3999
7871
5981
6663
6224
8321
9091
166
5922
3169
6228
2663
8451
6966
2941
616
6985
4151
4775
3568
9040
4897
2555
2242
4477
7243
141
3480
9700
180
4881
2233
7993
2715
3904
3708
4499
7034
4485
2611
6846
8780
299
3376
7881
3943
8576
6068
5360
1024
8908
6836
495
800
7875
4334
2315
5918
248
1925
3917
9156
2436
5405
5188
8191
4406
8173
4168
4971
5483
8206
8842
6686
7155
1168
8937
5303
4766
3270
8927
7582
6978
8024
353
8005
1247
3973
2570
3380
1249
469
7947
2792
7527
4654
3073
3850
4056
8320
8402
1300
1464
8749
1347
5201
1374
3583
4591
7135
4581
318
780
502
7604
9758
9905
2413
4660
3714
7684
6469
5827
7364
4137
1439
3852
6000
3915
3313
4299
2437
5969
5384
1383
2006
1554
4785
3736
6232
9385
4366
1126
720
6831
7841
2411
9247
3264
8054
3914
4372
7467
2930
4043
1539
5401
9204
3357
1145
9394
891
9488
4148
5271
6924
8502
9134
904
9723
2992
5124
8068
1896
490
1570
4339
6404
3569
7924
6018
6628
4157
1426
5529
6672
1186
7465
7639
6217
2461
1123
3935
7271
7711
6772
5525
3153
4672
6113
1412
3268
1927
6553
4845
6513
4040
8430
3603
307
3176
9297
7601
3847
33
3946
940
6034
1003
8907
7010
8695
3923
6912
2195
2753
7335
1906
3128
2090
9624
486
8269
4567
5468
7592
3156
