==2010461== Memcheck, a memory error detector
==2010461== Copyright (C) 2002-2017, and GNU GPL'd, by Julian Seward et al.
==2010461== Using Valgrind-3.18.1 and LibVEX; rerun with -h for copyright info
==2010461== Command: ./push_swap --bench 9485 7797 8533 3197 7665 3650 5418 9496 9273 9151 2853 9513 8785 8931 1735 7205 7565 8007 2331 9330 5632 163 3945 273 511 6552 2322 9195 7370 6576 6945 2879 6133 4820 8526 7872 861 5386 3153 6042 7026 7266 5057 1637 6769 4910 1383 7856 7977 1951 553 1513 368 5571 1245 3792 862 9647 9240 8403 8822 1103 9966 4877 9327 9688 225 6823 5095 2741 684 2963 8328 3481 3477 4172 7594 941 1298 2500 3600 2945 4388 848 483 4856 8486 9659 1340 532 9813 3991 844 1366 8998 5988 5225 1805 5775 6145 9964 1240 3621 3867 7074 4243 7857 8107 7128 2449 8798 6933 3903 4791 3629 2578 6938 5610 4904 5501 5890 785 4162 9662 3259 1004 8390 2107 7420 1812 4898 2778 8053 7107 6529 1555 3254 4608 3941 6530 5746 8475 500 2951 2076 3478 9452 9666 5296 5643 1095 129 6937 3125 2197 5449 8778 5149 1237 7761 6876 4677 9138 7249 6235 1777 390 9256 6168 3684 5865 1619 627 5929 1875 8008 310 7947 3053 1093 6630 8377 66 9635 5943 4296 7962 6122 2793 962 8494 7088 2040 5521 8044 4250 5557 2274 3637 1002 1593 714 8303 8457 9778 65 2999 5794 9157 6644 6914 7880 6882 3708 7912 9967 5260 1823 7683 5120 2176 2511 2750 1256 1827 3499 5343 1739 8197 8157 4998 4181 9350 4581 6162 7216 858 3280 8598 7606 8507 6467 1825 7435 4202 8281 7886 9739 7811 1284 291 3460 6496 6915 7207 1954 3950 3853 1128 1610 6033 786 2737 4728 1064 1015 9236 5615 7654 1890 5263 8470 6228 4287 6852 7547 265 8632 250 4574 7829 4004 7078 2698 7974 4635 7348 874 8649 3020 3473 6417 8837 9691 667 356 9296 8362 6782 5954 8595 584 9722 9135 1869 4547 1322 7439 1058 4982 9620 9950 1839 344 4137 683 8400 4821 4328 2047 5992 3692 4535 214 933 3503 8981 1035 8628 618 8138 6658 4516 3338 2003 138 6924 5796 8773 5661 1872 1623 4527 5780 73 6461 5583 7272 3953 9405 8520 249 3838 1400 5360 9777 801 3138 5728 6699 2499 1714 8049 8630 5217 1878 3753 9077 1474 7109 837 5070 8379 2007 9456 5663 8517 5502 8744 5799 3083 4124 8910 2651 8376 2420 4605 89 8155 5261 5829 663 9694 3313 7754 973 4623 5942 2650 2794 1705 1940 7288 4091 2596 9619 541 2248 3217 608 2360 5061 4267 9349 2909 3390 2906 8071 1572 2255 3703 8877 8209 9347 64 9046 3561 1036 4590 2120 4096 2660 4704 5244 46 1244 8156 1928 6539 5351 9833 8678 4585 2543 5044 6013 2056 964 1453 5950 1099 3042 4059 8999 7068 5367 5081 8895 1999 499 8770 7085 4530 7491 1149 5077 760 2351 6399 9998 2132 673 4562 1054 8463 6833 6100 366 3942 8096 9946 6646 3357 1617 6353 2504 6130 7488 5294 1881 4868 6863 3169 6726 4913 1795 835 9491 4216 8440
==2010461== 
[bench] disorder: 51.91%
[bench] strategy: Adaptive
[bench] total_ops: 5353
[bench] sa: 0 sb: 1 ss: 0 pa: 500 pb: 500
[bench] ra: 583 rb: 1309 rr: 735 rra: 506 rrb: 695 rrr: 524
==2010461== 
==2010461== HEAP SUMMARY:
==2010461==     in use at exit: 0 bytes in 0 blocks
==2010461==   total heap usage: 2,004 allocs, 2,004 frees, 1,244,065 bytes allocated
==2010461== 
==2010461== All heap blocks were freed -- no leaks are possible
==2010461== 
==2010461== For lists of detected and suppressed errors, rerun with: -s
==2010461== ERROR SUMMARY: 0 errors from 0 contexts (suppressed: 0 from 0)
